0 1 2 2 0.6
0 1 2 2 0.7
0 1 2 2 0.8
0 1 2 2 0.83
0 1 2 2 0.86
0 1 2 2 0.88
0 1 2 2 0.9
0 1 2 2 0.92
0 1 2 2 0.94
0 1 2 2 0.96
0 1 2 2 0.97
0 1 2 2 0.99
1 1 2 2 0.6
1 1 2 2 0.7
1 1 2 2 0.8
1 1 2 2 0.83
1 1 2 2 0.86
1 1 2 2 0.88
1 1 2 2 0.9
1 1 2 2 0.92
1 1 2 2 0.94
1 1 2 2 0.96
1 1 2 2 0.97
1 1 2 2 0.99
2 1 2 2 0.6
2 1 2 2 0.7
2 1 2 2 0.8
2 1 2 2 0.83
2 1 2 2 0.86
2 1 2 2 0.88
2 1 2 2 0.9
2 1 2 2 0.92
2 1 2 2 0.94
2 1 2 2 0.96
2 1 2 2 0.97
2 1 2 2 0.99
3 1 2 2 0.6
3 1 2 2 0.7
3 1 2 2 0.8
3 1 2 2 0.83
3 1 2 2 0.86
3 1 2 2 0.88
3 1 2 2 0.9
3 1 2 2 0.92
3 1 2 2 0.94
3 1 2 2 0.96
3 1 2 2 0.97
3 1 2 2 0.99
