0 0 1 0 0.6
0 0 1 0 0.7
0 0 1 0 0.8
0 0 1 0 0.83
0 0 1 0 0.86
0 0 1 0 0.88
0 0 1 0 0.9
0 0 1 0 0.92
0 0 1 0 0.94
0 0 1 0 0.96
0 0 1 0 0.97
0 0 1 0 0.99
1 0 1 0 0.6
1 0 1 0 0.7
1 0 1 0 0.8
1 0 1 0 0.83
1 0 1 0 0.86
1 0 1 0 0.88
1 0 1 0 0.9
1 0 1 0 0.92
1 0 1 0 0.94
1 0 1 0 0.96
1 0 1 0 0.97
1 0 1 0 0.99
2 0 1 0 0.6
2 0 1 0 0.7
2 0 1 0 0.8
2 0 1 0 0.83
2 0 1 0 0.86
2 0 1 0 0.88
2 0 1 0 0.9
2 0 1 0 0.92
2 0 1 0 0.94
2 0 1 0 0.96
2 0 1 0 0.97
2 0 1 0 0.99
3 0 1 0 0.6
3 0 1 0 0.7
3 0 1 0 0.8
3 0 1 0 0.83
3 0 1 0 0.86
3 0 1 0 0.88
3 0 1 0 0.9
3 0 1 0 0.92
3 0 1 0 0.94
3 0 1 0 0.96
3 0 1 0 0.97
3 0 1 0 0.99
